Generation:  67726
Best score:  8112.5
Weights:
 [-27.58680943021865, -1.0504182424193615, -10.343068899790374, -10.051651458377009, 30.605701614459704, 20.187548975374895, -19.360854276156815, -31.942699333872216, 46.38106702798923, -42.22213036442635, -25.970070272311485, 47.18144792236214, 38.957855809928205, 48.746845405904594, -8.687891584175645, 30.11304129257364, -34.69195391530944, -7.821294043836467, -48.747900694958446, 23.846918036112854, 47.28641904035371, -10.003157322952646, 30.84883144940227, 41.0384760823443, 1.2134215475648062, 23.124788689936906, -44.43224919098378, -18.836010076048094, 44.86952517533251, -49.083025238432974, -28.702023939749587, 2.7665628559337705, -28.52020437453948, -44.33064132844946, 10.464201310080057, -48.57461985722671, 41.57568908058413, -33.551296284010036, 43.228073684065606, -3.8260465213961083, -1.7512094273334924, -42.28408913482853, 4.791212112176034, 14.088748331178635, -16.49568719771277, -17.834702641051315, 22.592945691273144, -44.45343802110537, 2.167414110888899, -22.65594456475444, -16.038015625269253, -28.566511398106663, -31.9330995163551, -0.49671309784186946, 32.97274587790524, 41.33951536240983, -47.03973339930876, 46.044348608029665, 18.982359262845307, -43.17959237046938, -10.714807427722064, 23.04672335186578, 27.475988595715577, -49.975572736911204, 38.35299122195049, -22.31778164772418, -1.0578212969160035, 38.45744078848486, 31.989930848092143, -27.184286515513723]
 
Generation: 97382
Best score: 7989.5
Weights:
 [-22.21211657710178,0.10590983740166138,-22.408029163040275,33.52273850156426,-9.660215509704486,-34.32173565015755,-39.712704468998616,15.138680660361274,-46.3228939647647,13.171620589725649,-6.683959291722431,-47.23427377507943,-18.86209644329524,28.97563502099078,41.217074328924525,-42.40527171738711,-39.65058386435236,-6.631585926410779,-28.549718932373636,-9.39565478517006,16.414242761565134,49.80238467598687,3.7128720380130744,-26.140499154362562,4.1690613778190695,5.9642726690373,24.56682372751193,10.55751169420325,-21.166909482207164,1.5175476615631567,3.163347706431317,36.61777259667251,2.8264009184584253,5.054415464991791,-30.142780723001405,-31.40037951475245,-18.46833024074146,22.7780426232314,29.71194730844779,-48.704498372850246,19.98676156321008,-30.851104597403744,6.991768738436747,-45.955031674745996,27.459082283772474,19.354868797919366,0.0023271677490370735,-23.098925249545953,-12.920144302222347,20.930637382445227,49.08231066327207,-40.53066455258414,37.28260121029979,2.465733438078857,44.30520187551605,-0.11462215118971386,39.37629879588138,36.89083095658428,-49.50696718801011,-28.53971893884737,39.645416762998735,26.235355093351373,-32.0856699874782,-44.725930444206895,-15.859026729683649,47.628784547957665,26.86817654465412,11.302380063350824,-41.34875675151226,41.06924548589184]

 
Generation:  32330
Best score:  7203.5
Weights:
 [-38.014914828073884, -0.7859076450078106, 44.319654268689206, -48.95557265212644, -18.20575231164565, -47.193585061520025, -44.21045729170003, 0.07626313615176628, 2.7260731091454105, -46.70764452838196, 20.386033696420782, 46.49937615008261, -27.73307413031596, 30.63955651317474, -45.83697447277222, -17.765329805996835, -18.37695453002215, -37.95682036711416, -31.79128553180368, -7.611785589086729, -0.6691778549160503, 42.31282029075747, -13.212732750390629, 30.160582409740243, -5.875609599559063, -46.99697574654378, -43.00083834525304, 4.004212755050183, -43.12748636277812, 2.9795784653545283, 37.34440439713107, -32.4672422208653, 20.485767694812566, 35.4169549843004, -35.14663807912626, -29.076370949412535, -28.643560200323414, 18.145522032974768, -40.80472702310034, 22.213754163685678, -41.713921852051854, 26.979733093481457, -29.5809580676605, -46.784846708451354, -33.94047401032925, -4.900825223979055, 42.28572576536264, -46.73491236135461, -31.403531499074113, -10.340955984057778, -29.983978150250312, 9.937988680791342, -28.088861457628767, -38.04517234346698, 10.101320892235762, -0.965752999701543, -33.737494084348384, 37.92728037676039, 18.94261715911169, 49.95461975016356, 39.526720437887406, 35.50319710272447, -1.3973411151382038, -44.29312107137897, -46.758583791717044, 10.574372507001598, 6.0284298956119216, 1.2261579408568082, 22.371258166454183, -46.22440549512126]
 
Generation:  36107
Best score:  6827.5
Weights:
 [-22.33504440309908, 1.3401668897210257, 37.05204996035651, -37.86931216023753, 40.247641329185285, -8.79977544693027, 26.127919183956337, -10.091593749366481, 13.704376352638526, -19.75993158891127, 45.97571927458395, 7.035259223966747, 23.837445711801948, 6.620030827867261, -40.47696353184939, -43.3145693627833, 36.12485885063769, -7.536634660018834, 6.9935459818273955, -23.909249206180295, 4.958549611342832, 7.947592216015352, -49.067171028628835, 30.975275069266715, -35.54933007728527, 11.17073667072048, -46.902805096740494, 14.055713388336827, 41.05075053948339, -0.17899219630294994, -35.14619110544359, 36.315651843873, 21.86312197052564, 36.39479457443164, -4.4615030782283895, -40.73745837201386, 39.80155543967865, -49.758368253161755, 4.290246770014193, -8.372364910240805, 17.443443943849076, -47.196621310946064, -7.611034601454733, 43.60891145812391, 7.545125854360975, 34.55773833688018, -6.1674025471517595, -2.8280394407079754, -26.312480383737725, -12.654213514942448, 12.425278878806026, -49.40342140421154, -6.851236393608495, 36.90829083599057, 47.80311874283112, 32.31239349375505, -7.120217370678475, -47.2950252711136, 39.597172582566344, -49.758543997946994, 42.1527755381272, 44.973613552336104, -3.366747090633581, -39.69987916835471, -44.47693581036019, -39.04490272444703, -10.072046248536125, 32.506108685316335, -14.29600057959248, -5.386227519713138]
